       0/9     2.16G   0.07084   0.05127   0.01381    0.1359       546       640    0.7432    0.1103   0.09718   0.04327   0.03957   0.04715  0.004242
       1/9     2.33G   0.05066   0.04435  0.004004   0.09902        42       640    0.8259    0.1195    0.1139   0.05176   0.03724   0.04602  0.003584
       2/9     2.33G   0.04628    0.0445  0.003675   0.09445        18       640    0.7782    0.1184    0.1034   0.04979   0.03308   0.04543  0.003548
       3/9     2.33G   0.04098   0.04319  0.002974   0.08714       150       640    0.9241    0.1346    0.1327     0.078   0.02983   0.04434  0.003172
       4/9     2.33G   0.03812    0.0428  0.002572   0.08349         6       640    0.8929    0.1397    0.1373   0.07934   0.02849   0.04382  0.002575
       5/9     2.33G    0.0354   0.04165  0.002175   0.07923       312       640    0.9019    0.1403    0.1375   0.07848   0.02946   0.04329  0.002812
       6/9     2.33G   0.03324   0.04097  0.001833   0.07605       492       640    0.9123    0.1414    0.1378    0.0862    0.0262   0.04266  0.002501
       7/9     2.33G   0.03175   0.04041  0.001472   0.07363        60       640    0.9176    0.1428    0.1382   0.08769   0.02558   0.04203  0.002132
       8/9     2.33G   0.03056   0.03939  0.001324   0.07127        90       640    0.9217    0.1437    0.1383   0.08745    0.0252   0.04179   0.00225
       9/9     2.33G   0.02983   0.03893  0.001093   0.06985        60       640    0.9209    0.1447    0.1431   0.08924   0.02482   0.04153  0.002245
