       0/9     2.13G   0.07088   0.05135   0.01379     0.136       546       640    0.7854    0.1019    0.0955   0.04278   0.03883   0.04754  0.004266
       1/9     2.33G   0.05067   0.04432  0.004045   0.09903        42       640    0.6865    0.1265    0.1012   0.04818   0.03923   0.04561  0.003726
       2/9     2.33G   0.04642   0.04457  0.003659   0.09465        18       640    0.7425    0.1237      0.11   0.05015   0.03592   0.04548  0.003773
       3/9     2.33G   0.04095   0.04321  0.002924   0.08708       150       640    0.9081    0.1353    0.1325   0.07719   0.02852   0.04411  0.003484
       4/9     2.33G   0.03844   0.04281  0.002513   0.08377         6       640      0.91    0.1385    0.1376    0.0792   0.02857   0.04374  0.002993
       5/9     2.33G   0.03499   0.04142    0.0021   0.07851       312       640    0.8924    0.1422    0.1376   0.08041   0.02831   0.04342  0.003285
       6/9     2.33G   0.03332   0.04106  0.001817    0.0762       492       640    0.9201    0.1401    0.1379   0.08448   0.02613   0.04267  0.002333
       7/9     2.33G    0.0318    0.0405  0.001431   0.07374        60       640    0.9189    0.1432    0.1382   0.08765   0.02558   0.04186  0.002328
       8/9     2.33G   0.03046   0.03938  0.001307   0.07115        90       640    0.9181    0.1432    0.1382   0.08745   0.02541   0.04177  0.002601
       9/9     2.33G   0.02982   0.03891   0.00106   0.06979        60       640    0.9151    0.1456    0.1474   0.08965   0.02489   0.04152  0.002289
